loss: 0.1424303193648803
accuracy: 0.9704797050169913

