Train on 7801 samples, validate on 867 samples
loss: 0.13720595044843384
accuracy: 0.9630996312162533
